0 7.36653e+06
1 2.14792e+06
2 690870
3 414386
4 382636
5 370808
6 368973
7 364156
8 361983
9 340604
10 325970
11 320246
12 319081
13 311458
14 307042
15 305980
16 305096
17 304340
18 303641
19 302989
20 302359
21 301749
22 301149
23 300558
24 299973
25 299393
26 298816
27 298243
28 297671
29 297111
30 296926
31 296777
32 296627
33 296478
34 296329
35 296180
36 296031
37 295882
38 295735
39 295595
40 295537
41 295485
42 295433
43 295381
44 295329
45 295278
46 295239
47 295218
48 295202
49 295188
50 295173
51 295159
52 295145
53 295131
54 295117
55 295103
56 295090
57 295077
58 295064
59 295051
60 295039
61 295026
62 295014
63 295002
64 294989
65 294977
66 294965
67 294952
68 294940
69 294928
70 294915
71 294903
72 294891
73 294879
74 294866
75 294854
76 294842
77 294830
78 294818
79 294806
80 294795
81 294783
82 294771
83 294760
84 294749
85 294737
86 294726
87 294715
88 294704
89 294692
90 294681
91 294670
92 294659
93 294648
94 294636
95 294625
96 294614
97 294603
98 294592
99 294581
100 294569
101 294558
102 294547
103 294536
104 294525
105 294514
106 294502
107 294491
108 294480
109 294469
110 294458
111 294447
112 294435
113 294424
114 294413
115 294402
116 294391
117 294380
118 294368
119 294357
120 294346
121 294335
122 294324
123 294313
124 294301
125 294290
126 294279
127 294269
128 294260
129 294252
130 294245
131 294238
132 294230
133 294223
134 294216
135 294208
136 294201
137 294194
138 294186
139 294179
140 294172
141 294165
142 294157
143 294150
144 294143
145 294135
146 294128
147 294121
148 294113
149 294106
150 294099
151 294092
152 294084
153 294077
154 294070
155 294062
156 294055
157 294048
158 294041
159 294033
160 294026
161 294019
162 294011
163 294004
164 293997
165 293990
166 293982
167 293975
168 293968
169 293960
170 293953
171 293946
172 293938
173 293931
174 293924
175 293917
176 293909
177 293902
178 293895
179 293887
180 293880
181 293873
182 293866
183 293858
184 293851
185 293844
186 293836
187 293829
188 293822
189 293815
190 293807
191 293800
192 293793
193 293785
194 293778
195 293771
196 293764
197 293756
198 293749
199 293742
200 293734
201 293727
202 293720
203 293713
204 293705
205 293698
206 293691
207 293683
208 293676
209 293669
210 293662
211 293654
212 293647
213 293640
214 293633
215 293625
216 293618
217 293611
218 293603
219 293596
220 293589
221 293582
222 293574
223 293567
224 293560
225 293552
226 293545
227 293538
228 293531
229 293523
230 293516
231 293509
232 293502
233 293494
234 293487
235 293480
236 293472
237 293465
238 293458
239 293451
240 293443
241 293436
242 293429
243 293422
244 293414
245 293407
246 293400
247 293392
248 293385
249 293378
250 293371
251 293363
252 293356
253 293349
254 293342
255 293334
256 293327
257 293320
258 293312
259 293305
260 293298
261 293291
262 293283
263 293276
264 293269
265 293262
266 293254
267 293247
268 293240
269 293232
270 293225
271 293218
272 293211
273 293203
274 293196
275 293189
276 293182
277 293174
278 293167
279 293160
280 293153
281 293145
282 293138
283 293131
284 293123
285 293116
286 293109
287 293102
288 293094
289 293087
290 293080
291 293073
292 293065
293 293058
294 293051
295 293044
296 293036
297 293029
298 293022
299 293015
300 293007
301 293000
302 292993
303 292985
304 292978
305 292971
306 292964
307 292956
308 292949
309 292942
310 292935
311 292927
312 292920
313 292913
314 292906
315 292898
316 292891
317 292884
318 292877
319 292869
320 292862
321 292855
322 292848
323 292840
324 292833
325 292826
326 292819
327 292811
328 292804
329 292797
330 292790
331 292782
332 292775
333 292768
334 292761
335 292753
336 292746
337 292739
338 292732
339 292724
340 292717
341 292710
342 292702
343 292695
344 292688
345 292681
346 292673
347 292666
348 292659
349 292652
350 292644
351 292637
352 292630
353 292623
354 292615
355 292608
356 292601
357 292594
358 292586
359 292579
360 292572
361 292565
362 292557
363 292550
364 292543
365 292536
366 292529
367 292521
368 292514
369 292507
370 292500
371 292492
372 292485
373 292478
374 292471
375 292463
376 292456
377 292449
378 292442
379 292434
380 292427
381 292420
382 292413
383 292405
384 292398
385 292391
386 292384
387 292376
388 292369
389 292362
390 292355
391 292347
392 292340
393 292333
394 292326
395 292318
396 292311
397 292304
398 292297
399 292289
400 292282
401 292275
402 292268
403 292261
404 292253
405 292246
406 292239
407 292232
408 292224
409 292217
410 292210
411 292203
412 292195
413 292188
414 292181
415 292174
416 292166
417 292159
418 292152
419 292145
420 292137
421 292130
422 292123
423 292116
424 292109
425 292101
426 292094
427 292087
428 292080
429 292072
430 292065
431 292058
432 292051
433 292043
434 292036
435 292029
436 292022
437 292014
438 292007
439 292000
440 291993
441 291986
442 291978
443 291971
444 291964
445 291957
446 291949
447 291942
448 291935
449 291928
450 291920
451 291913
452 291906
453 291899
454 291892
455 291884
456 291877
457 291870
458 291863
459 291855
460 291848
461 291841
462 291834
463 291827
464 291819
465 291812
466 291805
467 291798
468 291790
469 291783
470 291776
471 291769
472 291761
473 291754
474 291747
475 291740
476 291733
477 291725
478 291718
479 291711
480 291704
481 291696
482 291689
483 291682
484 291675
485 291668
486 291660
487 291653
488 291646
489 291639
490 291631
491 291624
492 291617
493 291610
494 291603
495 291595
496 291588
497 291581
498 291574
499 291566
500 291559
501 291552
502 291545
503 291538
504 291530
505 291523
506 291516
507 291509
508 291501
509 291494
510 291487
511 291480
512 291473
513 291465
514 291458
515 291451
516 291444
517 291437
518 291429
519 291422
520 291415
521 291408
522 291400
523 291393
524 291386
525 291379
526 291372
527 291364
528 291357
529 291350
530 291343
531 291336
532 291328
533 291321
534 291314
535 291307
536 291299
537 291292
538 291285
539 291278
540 291271
541 291263
542 291256
543 291249
544 291242
545 291235
546 291227
547 291220
548 291213
549 291206
550 291199
551 291191
552 291184
553 291177
554 291170
555 291162
556 291155
557 291148
558 291141
559 291134
560 291126
561 291119
562 291112
563 291105
564 291098
565 291090
566 291083
567 291076
568 291069
569 291062
570 291054
571 291047
572 291040
573 291033
574 291026
575 291018
576 291011
577 291004
578 290997
579 290990
580 290982
581 290975
582 290968
583 290961
584 290954
585 290946
586 290939
587 290932
588 290925
589 290917
590 290910
591 290903
592 290896
593 290889
594 290881
595 290874
596 290867
597 290860
598 290853
599 290845
600 290838
601 290831
602 290824
603 290817
604 290809
605 290802
606 290795
607 290788
608 290781
609 290774
610 290766
611 290759
612 290752
613 290745
614 290738
615 290730
616 290723
617 290716
618 290709
619 290702
620 290694
621 290687
622 290680
623 290673
624 290666
625 290658
626 290651
627 290644
628 290637
629 290630
630 290622
631 290615
632 290608
633 290601
634 290594
635 290586
636 290579
637 290572
638 290565
639 290558
640 290550
641 290543
642 290536
643 290529
644 290522
645 290515
646 290507
647 290500
648 290493
649 290486
650 290479
651 290471
652 290464
653 290457
654 290450
655 290443
656 290435
657 290428
658 290421
659 290414
660 290407
661 290399
662 290392
663 290385
664 290378
665 290371
666 290364
667 290356
668 290349
669 290342
670 290335
671 290328
672 290320
673 290313
674 290306
675 290299
676 290292
677 290284
678 290277
679 290270
680 290263
681 290256
682 290249
683 290241
684 290234
685 290227
686 290220
687 290213
688 290205
689 290198
690 290191
691 290184
692 290177
693 290170
694 290162
695 290155
696 290148
697 290141
698 290134
699 290126
700 290119
701 290112
702 290105
703 290098
704 290091
705 290083
706 290076
707 290069
708 290062
709 290055
710 290048
711 290040
712 290033
713 290026
714 290019
715 290012
716 290004
717 289997
718 289990
719 289983
720 289976
721 289969
722 289961
723 289954
724 289947
725 289940
726 289933
727 289926
728 289918
729 289911
730 289904
731 289897
732 289890
733 289882
734 289875
735 289868
736 289861
737 289854
738 289847
739 289839
740 289832
741 289825
742 289818
743 289811
744 289804
745 289796
746 289789
747 289782
748 289775
749 289768
750 289761
751 289753
752 289746
753 289739
754 289732
755 289725
756 289718
757 289710
758 289703
759 289696
760 289689
761 289682
762 289675
763 289667
764 289660
765 289653
766 289646
767 289639
768 289632
769 289624
770 289617
771 289610
772 289603
773 289596
774 289589
775 289581
776 289574
777 289567
778 289560
779 289553
780 289546
781 289538
782 289531
783 289524
784 289517
785 289510
786 289503
787 289495
788 289488
789 289481
790 289474
791 289467
792 289460
793 289452
794 289445
795 289438
796 289431
797 289424
798 289417
799 289409
800 289402
801 289395
802 289388
803 289381
804 289374
805 289366
806 289359
807 289352
808 289345
809 289338
810 289331
811 289323
812 289316
813 289309
814 289302
815 289295
816 289288
817 289281
818 289273
819 289266
820 289259
821 289252
822 289245
823 289238
824 289230
825 289223
826 289216
827 289209
828 289202
829 289195
830 289188
831 289180
832 289173
833 289166
834 289159
835 289152
836 289145
837 289137
838 289130
839 289123
840 289116
841 289109
842 289102
843 289095
844 289087
845 289080
846 289073
847 289066
848 289059
849 289052
850 289044
851 289037
852 289030
853 289023
854 289016
855 289009
856 289002
857 288994
858 288987
859 288980
860 288973
861 288966
862 288959
863 288951
864 288944
865 288937
866 288930
867 288923
868 288916
869 288909
870 288901
871 288894
872 288887
873 288880
874 288873
875 288866
876 288859
877 288851
878 288844
879 288837
880 288830
881 288823
882 288816
883 288809
884 288801
885 288794
886 288787
887 288780
888 288773
889 288766
890 288759
891 288751
892 288744
893 288737
894 288730
895 288723
896 288716
897 288709
898 288701
899 288694
900 288687
901 288680
902 288673
903 288666
904 288659
905 288651
906 288644
907 288637
908 288630
909 288623
910 288616
911 288609
912 288601
913 288594
914 288587
915 288580
916 288573
917 288566
918 288559
919 288551
920 288544
921 288537
922 288530
923 288523
924 288516
925 288509
926 288501
927 288494
928 288487
929 288480
930 288473
931 288466
932 288459
933 288452
934 288444
935 288437
936 288430
937 288423
938 288416
939 288409
940 288402
941 288394
942 288387
943 288380
944 288373
945 288366
946 288359
947 288352
948 288345
949 288337
950 288330
951 288323
952 288316
953 288309
954 288302
955 288295
956 288287
957 288280
958 288273
959 288266
960 288259
961 288252
962 288245
963 288238
964 288230
965 288223
966 288216
967 288209
968 288202
969 288195
970 288188
971 288181
972 288173
973 288166
974 288159
975 288152
976 288145
977 288138
978 288131
979 288123
980 288116
981 288109
982 288102
983 288095
984 288088
985 288081
986 288074
987 288066
988 288059
989 288052
990 288045
991 288038
992 288031
993 288024
994 288017
995 288009
996 288002
997 287995
998 287988
999 287981
1000 287974
1001 287967
